74.6812
38.0164
70.9946
57.7538
24.0224
48.9657
30.4981
52.1034
29.6871
25.7472
71.9355
46.0961
45.1002
51.4002
24.5699
45.8668
80.968
46.2571
26.5805
15.7662
49.4537
50.6866
56.3369
10.9814
22.8626
51.0034
11.9404
19.7147
49.718
115.636
86.0366
42.8357
49.0651
74.4568
55.4404
45.3729
41.8548
48.3553
43.3366
56.7115
47.1469
51.2494
36.5002
42.8435
44.9501
37.1003
20.1202
34.8293
22.2868
265.178
21.9638
61.185
31.2727
49.0683
50.2167
39.6234
38.1292
47.7807
109.126
98.8176
123.858
96.8436
97.1645
189.596
64.8555
114.46
177.259
78.0638
43.7825
37.9769
20.8909
54.2336
38.8815
18.5325
54.412
56.9953
43.711
30.1533
31.7319
43.86
38.6015
28.6164
48.0947
49.4774
28.149
52.2095
40.4406
28.5041
26.5102
47.0358
43.7018
42.9791
17.3939
36.7922
52.6886
70.2004
46.6516
44.3701
29.9374
45.7905
41.2493
41.0644
41.7998
52.1586
36.1673
25.3627
37.7144
13.4769
68.7655
51.2786
24.2201
34.9063
12.9634
23.6321
